drwxr-xr-x   2 642242   15000        4096 Dec 31  2019 01
drwxr-xr-x   2 642242   15000        4096 Jan 31  2020 02
drwxr-xr-x   2 642242   15000        4096 Feb 29  2020 03
drwxr-xr-x   2 642242   15000        4096 Mar 31  2020 04
drwxr-xr-x   2 642242   15000        4096 Apr 30  2020 05
drwxr-xr-x   2 642242   15000        4096 May 31  2020 06
drwxr-xr-x   2 642242   15000        4096 Jun 30  2020 07
drwxr-xr-x   2 642242   15000        4096 Jul 31  2020 08
drwxr-xr-x   2 642242   15000        4096 Aug 31  2020 09
drwxr-xr-x   2 642242   15000        4096 Sep 30  2020 10
drwxr-xr-x   2 642242   15000        4096 Oct 31  2020 11
drwxr-xr-x   2 642242   15000        4096 Nov 30  2020 12
