drwxr-xr-x   2 642242   15010        4096 Jan  8  2023 01
drwxr-xr-x   2 642242   15010        4096 Feb  1  2023 02
drwxr-xr-x   2 642242   15010        4096 Feb 28  2023 03
drwxr-xr-x   2 642242   15010        4096 Apr  1  2023 04
drwxr-xr-x   2 642242   15010        4096 May  1  2023 05
drwxr-xr-x   2 642242   15010        4096 May 31  2023 06
drwxr-xr-x   2 642242   15010        4096 Jun 30  2023 07
drwxr-xr-x   2 642242   15010        4096 Jul 31  2023 08
drwxr-xr-x   2 642242   15010        4096 Aug 31  2023 09
drwxr-xr-x   2 642242   15010        4096 Sep 30  2023 10
drwxr-xr-x   2 642242   15010        4096 Oct 31 18:05 11
drwxr-xr-x   2 642242   15010        4096 Nov 30 15:42 12
