drwxr-xr-x   2 642242   15000        4096 Dec 31  2018 01
drwxr-xr-x   2 642242   15000        4096 Jan 31  2019 02
drwxr-xr-x   2 642242   15000        4096 Feb 28  2019 03
drwxr-xr-x   2 642242   15000        4096 Mar 31  2019 04
drwxr-xr-x   2 642242   15000        4096 Apr 30  2019 05
drwxr-xr-x   2 642242   15000        4096 May 31  2019 06
drwxr-xr-x   2 642242   15000        4096 Jun 30  2019 07
drwxr-xr-x   2 642242   15000        4096 Jul 31  2019 08
drwxr-xr-x   2 642242   15000        4096 Aug 31  2019 09
drwxr-xr-x   2 642242   15000        4096 Sep 30  2019 10
drwxr-xr-x   2 642242   15000        4096 Oct 31  2019 11
drwxr-xr-x   2 642242   15000        4096 Nov 30  2019 12
