drwxr-xr-x   2 642242   15000        4096 Dec 31  2020 01
drwxr-xr-x   2 642242   15000        4096 Jan 31  2021 02
drwxr-xr-x   2 642242   15000        4096 Mar 31  2021 03
drwxr-xr-x   2 642242   15000        4096 Mar 31  2021 04
drwxr-xr-x   2 642242   15000        4096 Apr 30  2021 05
drwxr-xr-x   2 642242   15000        4096 May 31  2021 06
drwxr-xr-x   2 642242   15000        4096 Jun 30  2021 07
drwxr-xr-x   2 642242   15000        4096 Jul 31  2021 08
drwxr-xr-x   2 642242   15000        4096 Aug 31  2021 09
drwxr-xr-x   2 642242   15000        4096 Sep 30  2021 10
drwxr-xr-x   2 642242   15000        4096 Oct 31  2021 11
